100 171 10
1 2
1 3
1 4
1 5
1 6
1 7
1 8
1 9
1 10
2 3
2 4
2 5
2 6
2 7
2 8
2 9
2 10
3 4
3 5
3 6
3 7
3 8
3 9
3 10
4 5
4 6
4 7
4 8
4 9
4 10
5 6
5 7
5 8
5 9
5 10
6 7
6 8
6 9
6 10
7 8
7 9
7 10
8 9
8 10
9 10
1 22
1 33
1 44
4 44
3 23
5 26
11 12
13 14
15 16
17 18
19 20
21 22
23 24
25 26
27 28
29 30
31 32
33 34
35 36
37 38
39 40
41 42
43 44
45 46
47 48
49 50
51 52
53 54
55 56
57 58
59 60
61 62
63 64
65 66
67 68
69 70
71 72
73 74
75 76
77 78
79 80
81 82
83 84
85 86
87 88
89 90
11 46
14 22
14 46
14 82
15 65
16 69
16 95
19 35
21 40
21 59
22 37
23 48
24 64
26 95
27 89
28 59
28 63
29 88
31 45
32 55
32 98
34 39
34 43
35 54
37 60
38 48
39 92
40 79
42 73
44 70
46 76
47 78
50 63
51 69
52 93
55 83
57 72
58 85
66 74
81 86
11 87
12 63
13 54
13 92
15 60
16 42
17 97
18 61
19 73
20 65
22 93
23 67
24 95
25 75
26 88
27 91
28 71
29 58
30 89
31 62
33 90
34 56
35 84
36 48
37 99
38 94
39 53
41 60
42 80
43 70
44 77
45 98
46 96
47 100
49 78
50 82
51 86
52 83
53 74
54 91
55 66
57 94
58 76
59 87
61 69
63 79
64 81
65 85
67 96
68 99

